IDKP1:
尺寸=3*100
容积=61500
价值=408,921,1329,11,998,1009,104,839,943,299,374,673,703,954,1657,425,950,1375,430,541,971,332,483,815,654,706,1360,956,992,1948,228,435,663,575,687,1262,470,609,1079,696,907,1603,273,961,1234,281,461,742,54,957,1011,149,258,407,28,90,118,245,949,1194,246,298,544,205,546,751,33,712,745,335,956,1291,163,918,1081,79,671,750,972,991,1963,217,962,1179,380,846,1226,158,671,829,39,701,740,258,577,835,5,682,687,300,364,664,105,946,1051,68,675,743,450,465,915,686,697,1383,355,367,722,106,131,237,296,868,1164,621,807,1428,283,428,711,230,573,803,359,772,1131,270,642,912,134,507,641,21,242,263,236,705,941,469,785,1254,196,349,545,405,985,1390,865,988,1853,355,405,760,460,939,1399,142,408,550,291,436,727,644,922,1566,432,890,1322,352,885,1237,139,269,408,10,137,147,593,601,1194,724,764,1488,672,900,1572,892,981,1873,597,641,1238,810,996,1806,459,816,1275,416,872,1288,310,945,1255,283,674,957,180,697,877,112,629,741,559,869,1428,79,802,881,164,192,356,323,340,663,333,464,797,472,496,968,234,914,1148,285,691,976,401,513,914,599,755,1354,391,928,1319,244,502,746,541,837,1378,208,970,1178,107,449,556,705,887,1592,468,802,1270,444,683,1127,222,958,1180,18,24,42,153,540,693,54,633,687,853,903,1756,399,452,851,108,161,269,328,431,759
重量=508,1021,1321,111,1098,1196,204,939,1107,399,474,719,803,1054,1781,525,1050,1362,530,641,903,432,583,894,754,806,1241,1056,1092,1545,328,535,579,675,787,1037,570,709,1171,796,1007,1251,373,1061,1101,381,561,774,154,1057,1198,249,358,446,128,190,288,345,1049,1053,346,398,622,305,646,930,133,812,892,435,1056,1406,263,1018,1192,179,771,802,1072,1091,1418,317,1062,1092,480,946,1064,258,771,846,139,801,888,358,677,679,105,782,862,400,464,747,205,1046,1133,168,775,839,550,565,727,786,797,1098,455,467,623,206,231,232,396,968,1064,721,907,1406,383,528,636,330,673,719,459,872,1316,370,742,846,234,607,737,121,342,372,336,805,1090,569,885,1245,296,449,729,505,1085,1364,965,1088,1510,455,505,758,560,1039,1363,242,508,642,391,536,855,744,1022,1231,532,990,992,452,985,1021,239,369,450,110,237,264,693,701,1176,824,864,1288,772,1000,1062,992,1081,1395,697,741,899,910,1096,1919,559,916,1296,516,972,1077,410,1045,1302,383,774,809,280,797,927,212,729,923,659,969,1065,179,902,1010,264,292,441,423,440,450,433,564,826,572,596,1057,334,1014,1148,385,791,1019,501,613,625,699,855,1289,491,1028,1381,344,602,609,641,937,1311,308,1070,1215,207,549,592,805,987,1133,568,902,952,544,783,1111,322,1058,1106,118,124,206,253,640,756,154,733,879,953,1003,1510,499,552,883,208,261,437,428,531,728

IDKP2:
尺寸=3*200
容积=103936
价值=211,718,929,21,172,193,684,695,1379,120,145,265,440,712,1152,134,373,507,471,578,1049,201,436,637,346,511,857,34,612,646,357,564,921,304,834,1138,478,636,1114,233,392,625,21,542,563,407,424,831,685,769,1454,511,570,1081,23,778,801,845,972,1817,272,764,1036,352,775,1127,8,395,403,176,497,673,150,152,302,725,969,1694,93,629,722,611,858,1469,742,789,1531,407,659,1066,645,657,1302,127,316,443,46,993,1039,721,964,1685,536,672,1208,68,254,322,179,540,719,485,979,1464,321,857,1178,75,695,770,548,779,1327,211,919,1130,699,865,1564,55,962,1017,421,447,868,51,319,370,396,546,942,159,982,1141,394,873,1267,556,936,1492,453,612,1065,160,709,869,706,895,1601,153,648,801,340,428,768,377,936,1313,310,757,1067,92,171,263,688,928,1616,190,728,918,422,423,845,55,281,336,156,584,740,433,850,1283,150,374,524,231,478,709,565,912,1477,150,882,1032,13,943,956,90,976,1066,419,943,1362,377,794,1171,589,871,1460,11,422,433,220,626,846,196,991,1187,127,623,750,184,837,1021,507,853,1360,171,547,718,381,451,832,738,991,1729,327,947,1274,169,635,804,11,844,855,244,892,1136,316,944,1260,198,205,403,270,274,544,775,845,1620,135,423,558,804,989,1793,118,552,670,752,913,1665,231,731,962,68,643,711,498,982,1480,515,917,1432,5,460,465,237,892,1129,571,831,1402,457,692,1149,729,826,1555,394,622,1016,92,299,391,92,207,299,393,999,1392,505,688,1193,465,870,1335,601,627,1228,25,322,347,29,751,780,43,354,397,385,961,1346,29,293,322,452,523,975,383,493,876,40,545,585,121,327,448,408,561,969,735,749,1484,23,870,893,827,961,1788,18,239,257,421,546,967,349,504,853,161,951,1112,473,620,1093,343,661,1004,301,954,1255,61,928,989,300,586,886,168,887,1055,563,690,1253,145,330,475,40,904,944,264,300,564,19,454,473,465,825,1290,473,874,1347,437,763,1200,662,744,1406,593,602,1195,577,964,1541,122,782,904,221,674,895,28,613,641,284,450,734,614,971,1585,110,729,839,442,761,1203,769,802,1571,152,327,479,514,854,1368,267,511,778,437,800,1237,460,468,928,50,115,165,475,626,1101,106,391,497,8,952,960,363,519,882,306,558,864,67,739,806,275,408,683,204,316,520,156,686,842,134,997,1131,813,834,1647,178,217,395,675,791,1466,478,482,960,501,650,1151,724,944,1668,76,592,668,24,962,986,347,792,1139,460,932,1392,263,937,1200,721,782,1503,584,781,1365,483,636,1119,367,727,1094,722,743,1465,288,762,1050,585,894,1479,567,735,1302,407,788,1195,199,545,744,285,580,865,347,959,1306,130,157,287,66,145,211,159,553,712,403,967,1370,170,920,1090,551,968,1519,175,543,718,341,499,840,426,560,986
重量=311,818,1074,121,272,365,784,795,1167,220,245,294,540,812,1084,234,473,553,571,678,1207,301,536,644,446,611,928,134,712,773,457,664,740,404,934,1009,578,736,1256,333,492,783,121,642,649,507,524,824,785,869,1604,611,670,862,123,878,997,945,1072,1363,372,864,1227,452,875,1141,108,495,566,276,597,868,250,252,485,825,1069,1349,193,729,859,711,958,1058,842,889,1302,507,759,836,745,757,1169,227,416,459,146,1093,1198,821,1064,1822,636,772,1385,168,354,441,279,640,876,585,1079,1514,421,957,1372,175,795,895,648,879,890,311,1019,1268,799,965,1024,155,1062,1127,521,547,583,151,419,445,496,646,907,259,1082,1172,494,973,1008,656,1036,1327,553,712,1076,260,809,1056,806,995,1297,253,748,841,440,528,567,477,1036,1332,410,857,1066,192,271,328,788,1028,1272,290,828,946,522,523,919,155,381,479,256,684,920,533,950,1192,250,474,655,331,578,649,665,1012,1115,250,982,1175,113,1043,1046,190,1076,1140,519,1043,1256,477,894,1078,689,971,1256,111,522,556,320,726,776,296,1091,1169,227,723,793,284,937,1027,607,953,1035,271,647,772,481,551,636,838,1091,1491,427,1047,1400,269,735,818,111,944,992,344,992,1094,416,1044,1258,298,305,344,370,374,742,875,945,1405,235,523,751,904,1089,1525,218,652,800,852,1013,1830,331,831,1086,168,743,880,598,1082,1126,615,1017,1057,105,560,615,337,992,1271,671,931,1502,557,792,955,829,926,1585,494,722,882,192,399,565,192,307,471,493,1099,1319,605,788,1272,565,970,1478,701,727,841,125,422,471,129,851,882,143,454,457,485,1061,1382,129,393,426,552,623,823,483,593,797,140,645,702,221,427,626,508,661,1095,835,849,1351,123,970,1050,927,1061,1878,118,339,365,521,646,893,449,604,846,261,1051,1295,573,720,1018,443,761,1069,401,1054,1128,161,1028,1053,400,686,847,268,987,1188,663,790,1130,245,430,485,140,1004,1079,364,400,538,119,554,616,565,925,1473,573,974,1135,537,863,1377,762,844,1371,693,702,1195,677,1064,1594,222,882,1032,321,774,1032,128,713,760,384,550,888,714,1071,1782,210,829,1018,542,861,1075,869,902,1129,252,427,506,614,954,1160,367,611,942,537,900,923,560,568,967,150,215,333,575,726,1298,206,491,551,108,1052,1054,463,619,819,406,658,898,167,839,853,375,508,810,304,416,649,256,786,889,234,1097,1165,913,934,1104,278,317,560,775,891,1586,578,582,652,601,750,1299,824,1044,1138,176,692,866,124,1062,1140,447,892,1226,560,1032,1209,363,1037,1352,821,882,1094,684,881,1258,583,736,784,467,827,954,822,843,1545,388,862,1143,685,994,1196,667,835,1415,507,888,1066,299,645,844,385,680,699,447,1059,1098,230,257,419,166,245,308,259,653,830,503,1067,1369,270,1020,1059,651,1068,1256,275,643,693,441,599,829,526,660,1074

IDKP3:
尺寸=3*300
容积=214453
价值=120,757,877,166,868,1034,280,387,667,726,760,1486,471,971,1442,599,663,1262,526,994,1520,598,650,1248,73,415,488,235,996,1231,520,710,1230,473,642,1115,32,111,143,334,719,1053,19,632,651,650,921,1571,250,486,736,618,723,1341,357,679,1036,384,866,1250,812,856,1668,437,874,1311,193,764,957,288,883,1171,849,866,1715,374,612,986,271,548,819,364,414,778,293,762,1055,199,870,1069,130,514,644,193,807,1000,273,823,1096,11,130,141,48,826,874,95,600,695,184,559,743,511,875,1386,358,797,1155,444,497,941,483,897,1380,259,375,634,248,453,701,236,382,618,241,512,753,529,781,1310,380,519,899,8,779,787,137,197,334,318,787,1105,624,978,1602,441,519,960,606,750,1356,97,204,301,680,833,1513,224,958,1182,473,859,1332,448,912,1360,648,898,1546,409,958,1367,428,897,1325,69,963,1032,58,617,675,126,327,453,228,702,930,70,789,859,711,737,1448,440,925,1365,664,867,1531,229,437,666,379,763,1142,215,487,702,572,877,1449,56,938,994,108,559,667,65,101,166,471,725,1196,25,330,355,222,876,1098,494,905,1399,96,372,468,434,848,1282,819,918,1737,402,545,947,541,783,1324,181,554,735,246,942,1188,887,910,1797,652,832,1484,39,818,857,259,381,640,224,961,1185,120,235,355,448,526,974,584,746,1330,247,496,743,150,950,1100,943,958,1901,277,785,1062,211,489,700,178,485,663,315,634,949,72,521,593,51,128,179,571,648,1219,326,663,989,740,940,1680,269,736,1005,244,888,1132,123,720,843,467,933,1400,460,866,1326,144,633,777,279,919,1198,818,837,1655,164,404,568,344,699,1043,486,750,1236,563,611,1174,190,625,815,98,984,1082,771,842,1613,103,862,965,12,153,165,960,1000,1960,673,960,1633,415,961,1376,176,228,404,76,249,325,7,132,139,249,602,851,628,820,1448,798,964,1762,95,149,244,85,230,315,362,424,786,389,833,1222,161,211,372,188,962,1150,518,938,1456,23,278,301,668,995,1663,693,730,1423,312,945,1257,870,960,1830,531,577,1108,30,686,716,466,487,953,859,895,1754,117,920,1037,513,920,1433,36,160,196,590,915,1505,185,741,926,747,871,1618,42,738,780,264,692,956,534,975,1509,111,703,814,322,490,812,375,414,789,325,655,980,695,793,1488,31,320,351,211,241,452,512,887,1399,331,786,1117,887,983,1870,122,863,985,153,436,589,110,748,858,45,488,533,21,809,830,331,603,934,460,624,1084,16,167,183,78,885,963,373,667,1040,62,378,440,308,618,926,238,458,696,393,673,1066,755,934,1689,635,642,1277,53,842,895,429,732,1161,319,375,694,461,667,1128,252,373,625,137,973,1110,125,518,643,182,323,505,421,793,1214,255,577,832,179,233,412,413,972,1385,645,713,1358,574,918,1492,253,321,574,398,447,845,411,856,1267,742,884,1626,29,490,519,43,283,326,422,727,1149,841,936,1777,508,957,1465,178,615,793,133,609,742,28,522,550,366,749,1115,674,709,1383,732,914,1646,55,730,785,244,590,834,43,976,1019,132,569,701,376,544,920,324,966,1290,697,750,1447,267,513,780,202,506,708,638,993,1631,626,693,1319,503,582,1085,292,812,1104,294,466,760,388,907,1295,170,397,567,514,788,1302,199,831,1030,656,704,1360,550,814,1364,178,753,931,517,557,1074,259,360,619,491,738,1229,156,387,543,457,565,1022,622,920,1542,503,538,1041,400,496,896,739,756,1495,241,673,914,549,990,1539,144,444,588,96,731,827,221,998,1219,345,529,874,690,777,1467,483,493,976,119,706,825,292,533,825,623,975,1598,50,925,975,48,918,966,149,670,819,307,823,1130,406,664,1070,244,883,1127,256,996,1252,38,651,689,307,489,796,296,754,1050,94,973,1067,393,478,871,198,831,1029,89,534,623,107,277,384,612,901,1513,165,316,481,315,803,1118,113,635,748,233,504,737,666,832,1498,49,102,151,711,818,1529,65,995,1060,98,314,412,61,477,538,33,282,315,304,838,1142,819,891,1710,159,245,404,725,891,1616,167,338,505,90,225,315,305,592,897,369,444,813,863,884,1747,74,298,372,572,635,1207,62,322,384,65,805,870,61,602,663,447,830,1277,25,255,280,15,385,400,938,973,1911,70,717,787
重量=220,857,962,266,968,1040,380,487,668,826,860,967,571,1071,1301,699,763,1413,626,1094,1526,698,750,1424,173,515,678,335,1096,1333,620,810,1077,573,742,1236,132,211,334,434,819,1035,119,732,747,750,1021,1512,350,586,722,718,823,917,457,779,1100,484,966,1424,912,956,1255,537,974,1504,293,864,894,388,983,1200,949,966,1694,474,712,835,371,648,697,464,514,649,393,862,1099,299,970,1164,230,614,765,293,907,1181,373,923,935,111,230,315,148,926,965,195,700,787,284,659,752,611,975,1183,458,897,1215,544,597,801,583,997,1488,359,475,646,348,553,896,336,482,533,341,612,771,629,881,1473,480,619,791,108,879,940,237,297,361,418,887,1269,724,1078,1413,541,619,1116,706,850,1300,197,304,463,780,933,1655,324,1058,1119,573,959,1070,548,1012,1114,748,998,1527,509,1058,1166,528,997,1252,169,1063,1077,158,717,762,226,427,557,328,802,1061,170,889,952,811,837,1527,540,1025,1126,764,967,1663,329,537,555,479,863,1005,315,587,694,672,977,1087,156,1038,1097,208,659,855,165,201,336,571,825,1329,125,430,498,322,976,1053,594,1005,1052,196,472,662,534,948,1101,919,1018,1854,502,645,802,641,883,926,281,654,807,346,1042,1339,987,1010,1335,752,932,1670,139,918,1015,359,481,832,324,1061,1146,220,335,417,548,626,700,684,846,1380,347,596,802,250,1050,1166,1043,1058,1899,377,885,1019,311,589,727,278,585,721,415,734,825,172,621,670,151,228,237,671,748,763,426,763,812,840,1040,1156,369,836,1000,344,988,1328,223,820,922,567,1033,1189,560,966,1452,244,733,849,379,1019,1125,918,937,1098,264,504,508,444,799,1085,586,850,861,663,711,1138,290,725,969,198,1084,1200,871,942,1212,203,962,972,112,253,303,1060,1100,2087,773,1060,1214,515,1061,1158,276,328,394,176,349,390,107,232,234,349,702,995,728,920,1261,898,1064,1638,195,249,351,185,330,357,462,524,532,489,933,1049,261,311,389,288,1062,1198,618,1038,1208,123,378,438,768,1095,1210,793,830,1127,412,1045,1384,970,1060,1466,631,677,816,130,786,875,566,587,837,959,995,1234,217,1020,1230,613,1020,1612,136,260,385,690,1015,1688,285,841,1064,847,971,1141,142,838,964,364,792,1012,634,1075,1698,211,803,827,422,590,965,475,514,617,425,755,980,795,893,1144,131,420,518,311,341,563,612,987,1176,431,886,1156,987,1083,1842,222,963,1018,253,536,675,210,848,993,145,588,681,121,909,920,431,703,893,560,724,1077,116,267,290,178,985,1049,473,767,1197,162,478,495,408,718,965,338,558,574,493,773,802,855,1034,1884,735,742,1073,153,942,1077,529,832,947,419,475,669,561,767,1254,352,473,780,237,1073,1122,225,618,681,282,423,441,521,893,1048,355,677,1008,279,333,571,513,1072,1342,745,813,1092,674,1018,1360,353,421,692,498,547,819,511,956,1151,842,984,1058,129,590,706,143,383,469,522,827,895,941,1036,1859,608,1057,1374,278,715,949,233,709,789,128,622,665,466,849,905,774,809,1007,832,1014,1086,155,830,953,344,690,957,143,1076,1164,232,669,847,476,644,991,424,1066,1206,797,850,981,367,613,890,302,606,862,738,1093,1399,726,793,808,603,682,1061,392,912,1044,394,566,686,488,1007,1226,270,497,525,614,888,1438,299,931,1058,756,804,1437,650,914,1477,278,853,1049,617,657,1199,359,460,760,591,838,909,256,487,514,557,665,947,722,1020,1313,603,638,911,500,596,989,839,856,1267,341,773,1072,649,1090,1302,244,544,650,196,831,897,321,1098,1300,445,629,823,790,877,1352,583,593,1049,219,806,976,392,633,681,723,1075,1152,150,1025,1080,148,1018,1063,249,770,973,407,923,1242,506,764,1095,344,983,1203,356,1096,1244,138,751,782,407,589,656,396,854,905,194,1073,1259,493,578,665,298,931,1184,189,634,744,207,377,438,712,1001,1463,265,416,537,415,903,936,213,735,931,333,604,837,766,932,1271,149,202,313,811,918,1117,165,1095,1258,198,414,606,161,577,683,133,382,387,404,938,1240,919,991,1144,259,345,367,825,991,1368,267,438,702,190,325,467,405,692,884,469,544,761,963,984,1352,174,398,474,672,735,745,162,422,557,165,905,978,161,702,828,547,930,999,125,355,367,115,485,503,1038,1073,1984,170,817,850

